Random matris: 
   2       5      -8     -14    
   2       4     -11      14    
  -8      10     -12      13    
   7      -2       1      -1    

Asagidaki carpimin basamak sayilari: 
   2       2       2       2    
   3       3       2       3    
   3       3       3       2    
   1       2       2       3    
Carpim: 
 -20     -22      11     -48    
 198    -112      86    -129    
 191    -146     111      83    
  -5      39     -47    -112    

Asagidaki carpimin basamak sayilari: 
   3       2       3       3    
   4       4       4       4    
   3       4       4       4    
   3       3       2       3    
Carpim: 
-508      18     222     163    
-1419    1660    -1513    -3093    
-217    1315    -1171    -3358    
-340    -115      63     117    

Asagidaki carpimin basamak sayilari: 
   4       3       4       5    
   4       4       4       5    
   5       3       4       4    
   3       4       4       4    
Carpim: 
-1615    -574    1365    10087    
-9065    -9399    8155    26530    
-11942    -819    -2035    9583    
-595    -1764    3346    3852    

Asagidaki carpimin basamak sayilari: 
   5       5       5       5    
   5       5       6       5    
   5       6       6       6    
   4       5       5       5    
Carpim: 
55311    -16895    12941    22232    
83542    -54431    104579    74809    
57839    -102502    138548    119684    
-4522    15725    -12136    23280    

Asagidaki carpimin basamak sayilari: 
   6       6       6       6    
   6       7       7       6    
   6       7       6       6    
   6       6       5       6    
Carpim: 
128928    293921    -389703    -864883    
-254747    1096158    -1249734    -646904    
-359922    1025299    -878082    -563334    
282454    -127630    32113    102410    

Asagidaki carpimin basamak sayilari: 
   7       6       6       7    
   7       7       7       7    
   7       7       7       7    
   6       7       7       7    
Carpim: 
-2090859    -346940    -453002    -1891354    
7152366    -8092635    4330142    3313032    
4412072    -5352566    1574737    8541362    
769614    1018060    -1138648    -5426117    

Asagidaki carpimin basamak sayilari: 
   8       8       8       8    
   8       8       8       9    
   8       6       8       9    
   8       7       7       7    
Carpim: 
-14491060    -12589367    24087882    20417194    
-13330450    40066646    -16848615    -160451200    
45310650    -685258    13226168    -124774713    
-25298287    7386064    -9117913    -5898063    

Asagidaki carpimin basamak sayilari: 
   9       8       8       9    
   9       9       9       9    
   9       9       9       9    
   7       9       9       9    
Carpim: 
-103943552    77231664    -14225873    319348974    
-934897088    246030584    -292357326    688978549    
-889981551    605623324    -638436091    -347227815    
-4167583    -176330183    224656485    344946108    

Asagidaki carpimin basamak sayilari: 
  10       9       9      10    
  10      10      10      11    
  10      10      10      11    
   9       9       9       9    
Carpim: 
2295826026    -991747782    472059562    2032167701    
5783975443    -7991893462    8970106741    12043363621    
2108177569    -7717319739    7772001121    12986026882    
256375344    830513987    -377959035    165311797    

Asagidaki carpimin basamak sayilari: 
  11      10      11      11    
  10      11      11      11    
  11      11      11      11    
  10       9      10      10    
Carpim: 
13056853899    8168399220    -11089929649    -41921426707    
8126855381    62566643535    -53958892733    -88294140658    
17507894866    31419566335    -12252889993    -49506974621    
6354633521    493718724    -6485836392    2959161750    

Asagidaki carpimin basamak sayilari: 
  12      11      12      12    
  11      11      12      12    
  12      12      12      11    
  11      11      11      12    
Carpim: 
-162280043519    70901423299    -103149493531    -170686024236    
-45000844910    -72099794969    -194035349795    148985569285    
-150670780001    189702788982    -388150683318    84982805278    
86297527876    -37028644919    24521224322    -169327842004    

Asagidaki carpimin basamak sayilari: 
  12      13      13      13    
  13      13      13      13    
  13      13      13      12    
  13      12      12      13    
Carpim: 
-552363461844    -1217917411237    1585432589999    2094283143785    
2360980503597    -2751728040946    3630514270764    -3050830417446    
3778149121452    -4046015187813    3861426566300    -365711722650    
-1282926922690    867240986932    -746647662767    -1238462660940    

Asagidaki carpimin basamak sayilari: 
  13      13      12      13    
  14      14      14      14    
  14      14      14      14    
  13      13      13      14    
Carpim: 
-1564040459659    4032272658252    885091282156    9198585234700    
-51181422162932    43204793896733    -35235837244984    -21330403686224    
-33987126721672    42052373964308    -32421856423923    -58974043245160    
-3527429195960    -7935221971512    8445073817532    21634393779677    

Asagidaki carpimin basamak sayilari: 
  14      13      14      14    
  15      15      15      15    
  15      15      15      15    
  14      13      14      14    
Carpim: 
62245830782838    -1237369313127    -33265185714672    80655985084082    
116620615623906    -392785500305120    335698287692977    884671544336742    
-137312956839464    -207996615500038    139409134007904    702042919337881    
60954863582539    -8196083249882    35800383223605    26442466990511    

Asagidaki carpimin basamak sayilari: 
  15      15      13      16    
  16      15      15      16    
  16      16      16      15    
  13      15      15      15    
Carpim: 
952730304245372    -187684150653202    -4517370158161    -1401868200718328    
2954784739450950    599600865155336    243967670386090    -3652279427334405    
3108408218622931    -1528545744794194    2415599736459163    120704601516835    
4211763810051    577108883168195    -800644124604359    -529150740737540    


Bu matris nilpotent matris degildir.
